version https://git-lfs.github.com/spec/v1
oid sha256:448c5924695a81b51f407e71ec61a27de04cd75ede9f2db3580cca5644a078e2
size 1016
