version https://git-lfs.github.com/spec/v1
oid sha256:fd41e62a57f8315df8e664df3f55e91377feb4faa5e8535680aeec2166e2a28a
size 223
